#	sin 	0	1023
6.32763112387391	17312.0
6.327418295208059	17368.0
6.326992645889237	17295.0
6.326354191942898	17311.0
6.325502957406475	17548.0
6.324438974328466	17202.0
6.323162282767232	17378.0
6.321672930789489	17318.0
6.3199709744684975	17372.0
6.31805647788195	17563.0
6.315929513109563	17303.0
6.3135901602303575	17384.0
6.311038507319645	17422.0
6.308274650445717	17307.0
6.305298693666223	17634.0
6.302110749024252	17579.0
6.298710936544121	17502.0
6.2950993842268455	17361.0
6.291276228045331	17317.0
6.287241611939245	17364.0
6.282995687809604	17386.0
6.278538615513052	17419.0
6.273870562855843	17385.0
6.268991705587519	17209.0
6.2639022273943	17244.0
6.258602319892163	17306.0
6.253092182619629	17299.0
6.2473720230302545	17241.0
6.2414420564848125	17327.0
6.235302506243193	17424.0
6.2289536034559925	17267.0
6.222395587155812	17409.0
6.215628704248258	17076.0
6.208653209502649	17300.0
6.201469365542418	17349.0
6.194077442835232	17511.0
6.186477719682801	17111.0
6.178670482210406	17440.0
6.170656024356126	17317.0
6.16243464785977	17694.0
6.154006662251516	17296.0
6.145372384840258	17134.0
6.136532140701662	17337.0
6.12748626266592	17201.0
6.11823509130523	17339.0
6.108778974920965	17609.0
6.099118269530561	16999.0
6.089253338854118	17241.0
6.079184554300697	17432.0
6.068912294954347	17247.0
6.058436947559827	17151.0
6.0477589065080455	17230.0
6.036878573821213	17090.0
6.025796359137705	17292.0
6.014512679696641	17068.0
6.003027960322173	17099.0
5.991342633407497	17178.0
5.979457138898565	17310.0
5.967371924277528	17313.0
5.955087444545884	17176.0
5.942604162207356	17350.0
5.929922547250466	16874.0
5.917043077130846	17124.0
5.903966236753273	16832.0
5.890692518453391	17054.0
5.877222421979195	17047.0
5.863556454472202	16936.0
5.849695130448366	16820.0
5.8356389717787005	17042.0
5.821388507669636	16902.0
5.806944274643091	16708.0
5.792306816516276	16715.0
5.777476684381214	16462.0
5.762454436584001	16542.0
5.747240638703775	16662.0
5.731835863531426	16775.0
5.716240691048035	16510.0
5.700455708403027	16337.0
5.684481509892081	16351.0
5.668318696934742	16085.0
5.651967878051781	15945.0
5.635429668842288	15848.0
5.618704691960493	15437.0
5.60179357709232	15434.0
5.584696960931689	15075.0
5.567415487156534	14636.0
5.549949806404576	14506.0
5.532300576248821	14008.0
5.514468461172811	13731.0
5.4964541325456	13203.0
5.47825826859648	12576.0
5.45988155438944	12606.0
5.441324681797388	11942.0
5.422588349476087	11392.0
5.40367326283786	11190.0
5.384580134025025	10891.0
5.365309681883095	10558.0
5.345862631933698	10410.0
5.326239716347273	10077.0
5.306441673915502	10063.0
5.286469250023493	10063.0
5.266323196621718	9990.0
5.246004272197697	10328.0
5.225513241747455	10510.0
5.204850876746705	11101.0
5.18401795512181	11750.0
5.163015261220495	12395.0
5.141843585782314	13015.0
5.120503725908882	13527.0
5.0989964850338625	14000.0
5.077322672892715	14516.0
5.055483105492221	14915.0
5.033478605079748	15280.0
5.011310000112297	15561.0
4.9889781252253185	15578.0
4.966483821201277	15959.0
4.943827934938009	15967.0
4.921011319416823	16086.0
4.898034833670401	16307.0
4.874899342750443	16380.0
4.851605717695106	16284.0
4.828154835496207	16438.0
4.804547579066209	16791.0
4.780784837204972	16533.0
4.756867504566293	16912.0
4.732796481624234	16691.0
4.708572674639201	17067.0
4.684196995623835	17230.0
4.659670362308673	17134.0
4.634993698107599	17123.0
4.610167932083072	17293.0
4.585193998911151	17220.0
4.560072838846303	17192.0
4.53480539768601	17262.0
4.509392626735148	17301.0
4.483835482770178	17298.0
4.458134928003128	17398.0
4.432291930045359	17155.0
4.406307461871136	17436.0
4.380182501781	17511.0
4.353918033364935	17337.0
4.3275150454653275	17327.0
4.300974532139752	17417.0
4.274297492623533	17198.0
4.247484931292131	17032.0
4.220537857623326	17234.0
4.19345728615921	17286.0
4.1662442364679935	17192.0
4.138899733105617	17490.0
4.111424805577177	17467.0
4.083820488298163	17321.0
4.056087820555522	17527.0
4.0282278464685195	17296.0
4.000241614949432	16856.0
3.9721301796640573	17617.0
3.943894598992049	17462.0
3.915535935987058	17260.0
3.8870552583367166	17362.0
3.858453638322445	17312.0
3.8297321527790693	16943.0
3.8008918830542857	17194.0
3.7719339149679483	17381.0
3.7428593387711904	17337.0
3.713669249105373	17323.0
3.684364744960872	17356.0
3.6549469296357042	17170.0
3.625416910693994	16959.0
3.5957757999242617	17347.0
3.5660247132975718	16975.0
3.5361647709255255	16749.0
3.506197097018074	16752.0
3.4761228198412013	16718.0
3.445943071674444	16772.0
3.415658988768267	16689.0
3.3852717113012725	16399.0
3.354782383337282	16088.0
3.3241921527822593	15543.0
3.2935021713410992	15066.0
3.2627135944742545	14627.0
3.2318275813542403	14106.0
3.200845294821998	13684.0
3.169767901343102	13040.0
3.138596570963853	12444.0
3.1073324772672173	12209.0
3.075976797328659	11954.0
3.044530711671801	11979.0
3.0129954042239966	11722.0
2.9813720622717437	12064.0
2.9496618764159983	12990.0
2.9178660405273336	13684.0
2.8859857517009964	14417.0
2.8540222102118475	14959.0
2.821976619469155	15596.0
2.789850185971299	15886.0
2.7576441192603403	16072.0
2.7253596318764917	16674.0
2.6929979393124546	16554.0
2.66056025996766	16679.0
2.6280478151024065	17014.0
2.595461828791864	16755.0
2.56280352788	17079.0
2.530074141933383	17065.0
2.4972749031949	17220.0
2.4644070465373487	16837.0
2.431471809416955	17333.0
2.3984704318267793	17165.0
2.365404156250041	17074.0
2.332274227613323	17484.0
2.299081893239711	17316.0
2.265828402801839	17354.0
2.2325150082748246	17339.0
2.199142963889142	17333.0
2.1657135260833993	17542.0
2.132227953457039	17254.0
2.0986875067229436	17340.0
2.0650934486599746	17339.0
2.031447044065428	17466.0
1.9977495597074248	17618.0
1.964002264277203	17365.0
1.9302064283413587	17488.0
1.8963633242940185	17347.0
1.862474226308919	17486.0
1.8285404102914453	17379.0
1.7945631538305884	17397.0
1.7605437361508542	17496.0
1.7264834380640894	17239.0
1.6923835419212658	17366.0
1.658245331564197	17465.0
1.6240700922772124	17485.0
1.5898591107387534	17270.0
1.5556136749729363	17460.0
1.521335074301067	17385.0
1.4870245992930837	17375.0
1.452683541718978	17263.0
1.4183131945001564	17411.0
1.3839148516607684	17343.0
1.34948980827898	17092.0
1.3150393604382158	17212.0
1.2805648051783636	17149.0
1.2460674404469483	17366.0
1.2115485650502522	16926.0
1.177009478604421	17088.0
1.1424514814865425	16598.0
1.1078758747856743	16534.0
1.0732839602538657	16120.0
1.0386770402571444	15994.0
1.0040564177264948	15626.0
0.9694233961087844	15074.0
0.9347792793177022	14712.0
0.9001253716846623	14473.0
0.8654629779097055	14075.0
0.8307934030123635	13844.0
0.7961179522825335	13776.0
0.7614379312313416	13848.0
0.726754645541977	14441.0
0.6920694010205427	14590.0
0.6573835035468877	15194.0
0.6226982590254534	15817.0
0.5880149733360888	16385.0
0.553334952284897	16455.0
0.518659501555067	16636.0
0.483989926657725	16944.0
0.44932753288276805	16882.0
0.4146736252497282	16975.0
0.38002950845864614	17130.0
0.3453964868409356	17135.0
0.31077586431028603	17123.0
0.2761689443135649	17031.0
0.24157702978175624	17309.0
0.20700142308088781	17228.0
0.17244342596300963	17247.0
0.1379043395171784	16993.0
0.10338546412048216	17319.0
0.06888809938906715	17063.0
0.03441354412921483	17156.0
-3.6903711549345075e-05	17401.0
-0.03446194709333799	17344.0
-0.0688602899327257	17262.0
-0.10323063715154773	17103.0
-0.13757169472565306	17105.0
-0.1718821697336364	17132.0
-0.20616077040550584	17199.0
-0.2404062061713229	17003.0
-0.27461718770978194	17413.0
-0.3087924269967662	17042.0
-0.3429306373538352	17117.0
-0.37703053349665916	17282.0
-0.41109083158342385	17035.0
-0.4451102492631578	16890.0
-0.4790875057240147	17113.0
-0.5130213217414885	16738.0
-0.5469104197265879	16700.0
-0.5807535237739282	16739.0
-0.6145493597097724	16158.0
-0.6482966551399945	15918.0
-0.6819941394979975	15500.0
-0.715640544092544	14822.0
-0.7492346021555132	15027.0
-0.7827750488896087	14582.0
-0.8162606215159688	14246.0
-0.8496900593217116	13825.0
-0.8830621037073936	13872.0
-0.9163754982344081	13770.0
-0.9496289886722805	14239.0
-0.9828213230458923	14720.0
-1.0159512516826101	15465.0
-1.049017527259349	16050.0
-1.0820189048495243	16302.0
-1.1149541419699178	16249.0
-1.1478219986274694	16607.0
-1.1806212373659526	17141.0
-1.2133506233125695	16726.0
-1.2460089242244332	17311.0
-1.2785949105349754	17110.0
-1.3111073554002293	17024.0
-1.3435450347450237	17339.0
-1.375906727309061	17170.0
-1.4081912146929092	17425.0
-1.4403972814038681	17577.0
-1.4725237149017238	17310.0
-1.5045693056444165	17351.0
-1.5365328471335655	17405.0
-1.5684131359599025	17218.0
-1.6002089718485675	17263.0
-1.6319191577043124	17181.0
-1.6635424996565653	17321.0
-1.695077807104371	17438.0
-1.7265238927612283	17334.0
-1.7578795726997873	17534.0
-1.789143666396422	17391.0
-1.820314996775672	17590.0
-1.851392390254567	17447.0
-1.8823746767868097	17575.0
-1.9132606899068234	17399.0
-1.9440492667736684	17433.0
-1.9747392482148283	17328.0
-2.005329478769852	17278.0
-2.0358188067338423	17375.0
-2.066206084200836	17276.0
-2.0964901671070137	17593.0
-2.1266699152737707	17489.0
-2.1567441924506436	17529.0
-2.1867118663580944	17415.0
-2.2165718087301416	17581.0
-2.2463228953568306	17385.0
-2.2759640061265634	17505.0
-2.305494025068273	17106.0
-2.3349118403934415	17296.0
-2.3642163445379425	17358.0
-2.3934064342037598	17247.0
-2.4224810104005177	17053.0
-2.451438978486855	17340.0
-2.480279248211639	17013.0
-2.509000733755015	17033.0
-2.5376023537692864	17233.0
-2.566083031419627	17120.0
-2.594441694424618	17024.0
-2.6226772750966276	16958.0
-2.6507887103820016	16651.0
-2.6787749419010893	16805.0
-2.7066349159880914	16916.0
-2.734367583730733	16671.0
-2.7619719010097463	16348.0
-2.7894468285381873	16209.0
-2.8167913319005633	15783.0
-2.8440043815917795	15496.0
-2.8710849530558957	15086.0
-2.8980320267247004	14759.0
-2.9248445880561023	14081.0
-2.9515216275723217	13837.0
-2.9780621408978973	13172.0
-3.0044651287975035	12999.0
-3.03072959721357	12602.0
-3.0568545573037045	12334.0
-3.082839025477928	12081.0
-3.108682023435696	11856.0
-3.1343825782027466	11774.0
-3.1599397221677146	11911.0
-3.185352493118579	12305.0
-3.2106199342788733	12844.0
-3.2357410943437186	13244.0
-3.260715027515641	14022.0
-3.285540793540168	14593.0
-3.310217457741243	15092.0
-3.334744091056403	15642.0
-3.35911977007177	15997.0
-3.3833435770568028	16197.0
-3.4074145999988636	16761.0
-3.431331932637539	16814.0
-3.455094674498777	16875.0
-3.478701930928777	16918.0
-3.5021528131276742	17095.0
-3.525446438183012	16721.0
-3.54858192910297	16920.0
-3.5715584148493926	17072.0
-3.594375030370577	17162.0
-3.617030916633847	17338.0
-3.639525220657886	17282.0
-3.6618570955448657	17388.0
-3.684025700512315	17189.0
-3.70603020092479	17318.0
-3.727869768325285	17405.0
-3.74954358046643	17429.0
-3.771050821341451	17425.0
-3.792390681214882	17284.0
-3.813562356653063	17416.0
-3.8345650505543776	17447.0
-3.855397972179273	17233.0
-3.8760603371800237	17503.0
-3.8965513676302663	17340.0
-3.916870292054285	17567.0
-3.9370163454560623	17208.0
-3.9569887693480714	17406.0
-3.9767868117798413	17514.0
-3.9964097273662667	17393.0
-4.015856777315663	17523.0
-4.035127229457595	17559.0
-4.054220358270428	17264.0
-4.073135444908656	17146.0
-4.091871777229957	17205.0
-4.110428649822009	17108.0
-4.1288053640290485	17351.0
-4.147001227978169	17495.0
-4.165015556605381	17520.0
-4.182847671681389	17521.0
-4.200496901837145	17432.0
-4.217962582589103	17167.0
-4.235244056364259	17363.0
-4.2523406725248885	17378.0
-4.2692517873930615	17500.0
-4.285976764274856	17393.0
-4.3025149734843495	17341.0
-4.318865792367311	17283.0
-4.33502860532465	17304.0
-4.351002803835597	17401.0
-4.366787786480603	17252.0
-4.382382958963995	17258.0
-4.397787734136343	17251.0
-4.41300153201657	17397.0
-4.428023779813783	17229.0
-4.442853911948844	17284.0
-4.457491370075659	17430.0
-4.471935603102204	17169.0
-4.48618606721127	17282.0
-4.5002422258809345	17175.0
-4.514103549904771	17124.0
-4.527769517411763	17336.0
-4.541239613885961	17296.0
-4.554513332185841	17401.0
-4.567590172563416	17041.0
-4.580469642683033	16957.0
-4.593151257639924	17064.0
-4.605634539978453	17139.0
-4.617919019710096	16949.0
-4.630004234331134	16872.0
-4.641889728840066	17275.0
-4.653575055754742	17028.0
-4.665059775129209	17168.0
-4.676343454570273	16901.0
-4.6874256692537815	17053.0
-4.698306001940614	16730.0
-4.7089840429923955	16942.0
-4.719459390386915	16738.0
-4.729731649733265	16895.0
-4.739800434286686	16961.0
-4.74966536496313	16588.0
-4.759326070353533	16834.0
-4.768782186737799	16564.0
-4.778033358098488	16333.0
-4.78707923613423	16734.0
-4.795919480272826	16553.0
-4.804553757684085	16503.0
-4.8129817432923385	16468.0
-4.821203119788695	16498.0
-4.829217577642974	16364.0
-4.837024815115369	16581.0
-4.844624538267801	16485.0
-4.852016460974987	16480.0
-4.859200304935217	16310.0
-4.866175799680826	16439.0
-4.87294268258838	15980.0
-4.8795006988885605	16025.0
-4.885849601675761	16408.0
-4.891989151917381	16189.0
-4.897919118462823	16321.0
-4.903639278052199	15979.0
-4.909149415324731	15869.0
-4.914449322826869	16189.0
-4.919538801020088	16361.0
-4.924417658288411	15973.0
-4.92908571094562	16079.0
-4.9335427832421725	15962.0
-4.937788707371813	15810.0
-4.941823323477899	15984.0
-4.9456464796594135	16023.0
-4.949258031976689	15862.0
-4.952657844456822	15935.0
-4.955845789098791	15950.0
-4.958821745878286	15799.0
-4.961585602752213	15796.0
-4.9641372556629255	15991.0
-4.9664766085421315	16023.0
-4.968603573314518	16036.0
-4.970518069901066	15747.0
-4.9722200262220575	15842.0
-4.9737093781998	15789.0
-4.974986069761034	15742.0
-4.976050052839043	15777.0
-4.976901287375466	15736.0
-4.977539741321805	15685.0
-4.977965390640627	15722.0
-4.978178219306478	15862.0

