#	lin 	0	510
-4.141588191979866	51353.0
-4.109857437821818	51308.0
-4.078126683663769	51548.0
-4.046395929505721	50915.0
-4.014665175347672	51454.0
-3.9829344211896243	51095.0
-3.9512036670315758	51096.0
-3.9194729128735277	50941.0
-3.8877421587154792	51287.0
-3.8560114045574307	50471.0
-3.8242806503993823	50698.0
-3.7925498962413338	50770.0
-3.7608191420832853	51308.0
-3.729088387925237	51060.0
-3.6973576337671887	50965.0
-3.6656268796091402	50791.0
-3.6338961254510918	50488.0
-3.6021653712930437	50849.0
-3.570434617134995	50414.0
-3.5387038629769467	50593.0
-3.5069731088188982	50252.0
-3.4752423546608497	50121.0
-3.4435116005028013	49957.0
-3.4117808463447528	49927.0
-3.3800500921867043	49398.0
-3.3483193380286562	49660.0
-3.3165885838706077	48328.0
-3.2848578297125592	47142.0
-3.253127075554511	46805.0
-3.2213963213964627	45456.0
-3.189665567238414	44607.0
-3.1579348130803657	42756.0
-3.1262040589223172	41932.0
-3.0944733047642687	41416.0
-3.0627425506062202	41653.0
-3.0310117964481718	42127.0
-2.9992810422901237	43471.0
-2.967550288132075	44865.0
-2.935819533974027	46168.0
-2.9040887798159787	46929.0
-2.87235802565793	47932.0
-2.8406272714998817	48353.0
-2.808896517341833	48685.0
-2.7771657631837847	49166.0
-2.7454350090257362	49587.0
-2.7137042548676877	50147.0
-2.6819735007096392	50070.0
-2.650242746551591	50582.0
-2.6185119923935427	50785.0
-2.5867812382354947	50523.0
-2.555050484077446	50557.0
-2.5233197299193977	50931.0
-2.491588975761349	50775.0
-2.4598582216033007	51202.0
-2.428127467445252	51025.0
-2.3963967132872037	50688.0
-2.3646659591291552	51189.0
-2.3329352049711067	51101.0
-2.3012044508130587	50803.0
-2.26947369665501	51229.0
-2.237742942496962	51012.0
-2.2060121883389137	51239.0
-2.174281434180865	50969.0
-2.1425506800228167	50894.0
-2.110819925864768	51662.0
-2.0790891717067197	50919.0
-2.047358417548671	51271.0
-2.015627663390623	51196.0
-1.9838969092325747	51482.0
-1.9521661550745262	51526.0
-1.9204354009164777	51069.0
-1.8887046467584294	51755.0
-1.8569738926003811	51253.0
-1.8252431384423327	51089.0
-1.7935123842842842	50684.0
-1.7617816301262357	51439.0
-1.7300508759681872	51582.0
-1.698320121810139	51245.0
-1.6665893676520906	50946.0
-1.6348586134940422	51575.0
-1.6031278593359937	51157.0
-1.5713971051779452	51188.0
-1.539666351019897	51150.0
-1.5079355968618486	51474.0
-1.4762048427038001	50853.0
-1.4444740885457517	50906.0
-1.4127433343877032	51361.0
-1.3810125802296547	50743.0
-1.3492818260716064	51117.0
-1.3175510719135581	50738.0
-1.2858203177555096	51150.0
-1.2540895635974612	50805.0
-1.2223588094394127	50812.0
-1.1906280552813644	50683.0
-1.1588973011233161	51044.0
-1.1271665469652676	50362.0
-1.0954357928072191	50030.0
-1.0637050386491707	49462.0
-1.0319742844911224	49772.0
-1.0002435303330741	48676.0
-0.9685127761750256	47696.0
-0.9367820220169771	47439.0
-0.9050512678589286	46338.0
-0.8733205137008804	46114.0
-0.8415897595428321	45614.0
-0.8098590053847836	45937.0
-0.7781282512267351	46746.0
-0.7463974970686866	47198.0
-0.7146667429106381	48234.0
-0.6829359887525899	48737.0
-0.6512052345945416	49539.0
-0.6194744804364931	49975.0
-0.5877437262784446	50101.0
-0.5560129721203961	50246.0
-0.5242822179623479	50050.0
-0.4925514638042996	50342.0
-0.4608207096462511	50707.0
-0.4290899554882026	50978.0
-0.3973592013301541	50801.0
-0.36562844717210563	51077.0
-0.33389769301405736	50783.0
-0.3021669388560091	51134.0
-0.2704361846979606	50983.0
-0.2387054305399121	51443.0
-0.20697467638186362	51368.0
-0.17524392222381535	51222.0
-0.14351316806576708	51103.0
-0.11178241390771859	51032.0
-0.0800516597496701	51026.0
-0.04832090559162161	50988.0
-0.01659015143357312	50703.0
0.015140602724475372	50994.0
0.04687135688252386	51152.0
0.07860211104057191	50950.0
0.11033286519861996	51321.0
0.14206361935666845	51019.0
0.17379437351471694	51047.0
0.20552512767276543	51207.0
0.23725588183081392	51191.0
0.2689866359888624	51239.0
0.3007173901469109	50654.0
0.3324481443049594	51079.0
0.3641788984630079	51206.0
0.39590965262105593	50829.0
0.427640406779104	50747.0
0.45937116093715247	50776.0
0.49110191509520096	50621.0
0.5228326692532494	50225.0
0.5545634234112979	49953.0
0.5862941775693464	50073.0
0.6180249317273949	50068.0
0.6497556858854434	49390.0
0.6814864400434919	49141.0
0.7132171942015404	48161.0
0.7449479483595884	47354.0
0.7766787025176365	46532.0
0.808409456675685	45878.0
0.8401402108337335	45784.0
0.871870964991782	45988.0
0.9036017191498305	46173.0
0.9353324733078789	47440.0
0.9670632274659274	48464.0
0.9987939816239759	48909.0
1.0305247357820244	49790.0
1.062255489940073	50164.0
1.093986244098121	50230.0
1.125716998256169	50599.0
1.1574477524142175	50424.0
1.189178506572266	50760.0
1.2209092607303145	50372.0
1.252640014888363	50926.0
1.2843707690464115	50929.0
1.31610152320446	51020.0
1.3478322773625084	51351.0
1.379563031520557	51276.0
1.4112937856786054	51015.0
1.4430245398366535	51265.0
1.4747552939947015	51320.0
1.50648604815275	51002.0
1.5382168023107985	51280.0
1.569947556468847	51167.0
1.6016783106268955	51071.0
1.633409064784944	51253.0
1.6651398189429925	50863.0
1.696870573101041	51053.0
1.7286013272590894	51135.0
1.7603320814171375	51336.0
1.7920628355751855	51300.0
1.823793589733234	51470.0
1.8555243438912825	51051.0
1.887255098049331	51274.0
1.9189858522073795	50897.0
1.950716606365428	51419.0
1.9824473605234765	51197.0
2.014178114681525	51237.0
2.0459088688395735	51048.0
2.077639622997622	51532.0
2.10937037715567	51503.0
2.141101131313718	51326.0
2.1728318854717665	51296.0
2.204562639629815	51300.0
2.2362933937878635	51397.0
2.268024147945912	51607.0
2.2997549021039605	50800.0
2.331485656262009	51029.0
2.3632164104200575	51250.0
2.394947164578106	51172.0
2.426677918736154	51130.0
2.458408672894202	51007.0
2.4901394270522506	51097.0
2.521870181210299	50872.0
2.5536009353683475	50698.0
2.585331689526396	50627.0
2.6170624436844445	50802.0
2.648793197842493	50500.0
2.6805239520005415	50148.0
2.71225470615859	50171.0
2.7439854603166385	49282.0
2.7757162144746865	49439.0
2.8074469686327346	48683.0
2.839177722790783	48469.0
2.8709084769488316	47919.0
2.90263923110688	47251.0
2.9343699852649285	46386.0
2.966100739422977	45127.0
2.9978314935810255	43948.0
3.029562247739074	42602.0
3.0612930018971225	41443.0
3.093023756055171	41028.0
3.124754510213219	41894.0
3.156485264371267	42576.0
3.1882160185293156	44311.0
3.219946772687364	45362.0
3.2516775268454126	47113.0
3.283408281003461	47925.0
3.3151390351615095	48883.0
3.346869789319558	49257.0
3.3786005434776065	49531.0
3.410331297635655	49845.0
3.4420620517937035	49953.0
3.4737928059517515	50440.0
3.5055235601097996	50320.0
3.537254314267848	50515.0
3.5689850684258966	50827.0
3.600715822583945	51075.0
3.6324465767419936	50854.0
3.664177330900042	51242.0
3.6959080850580905	50358.0
3.727638839216139	51268.0
3.7593695933741875	50838.0
3.7911003475322356	51042.0
3.8228311016902836	51166.0
3.8545618558483326	51086.0
3.886292610006381	51146.0
3.9468552085988176	51250.0

