#velocity	counts	full_model	difference	baseline	subspectrum1	subspectrum2	subspectrum3	subspectrum4	
-4.142	51353.000	51263.231	89.769	51649.024	51263.611	51648.640	-0.000	-0.000	
-4.110	51308.000	51280.819	27.181	51649.024	51281.206	51648.634	-0.000	-0.000	
-4.078	51548.000	51254.313	293.687	51649.024	51254.706	51648.628	-0.000	-0.000	
-4.046	50915.000	51205.177	-290.177	51649.024	51205.575	51648.622	-0.000	-0.000	
-4.015	51454.000	51187.671	266.329	51649.024	51188.075	51648.616	-0.000	-0.000	
-3.983	51095.000	51189.610	-94.610	51649.024	51190.021	51648.609	-0.000	-0.000	
-3.951	51096.000	51180.490	-84.490	51649.024	51180.907	51648.602	-0.000	-0.000	
-3.919	50941.000	51149.555	-208.555	51649.024	51149.978	51648.596	-0.000	-0.000	
-3.888	51287.000	51151.396	135.604	51649.024	51151.827	51648.589	-0.000	-0.000	
-3.856	50471.000	51157.804	-686.804	51649.024	51158.241	51648.581	-0.000	-0.000	
-3.824	50698.000	51110.630	-412.630	51649.024	51111.074	51648.574	-0.000	-0.000	
-3.793	50770.000	51061.052	-291.052	51649.024	51061.502	51648.566	-0.000	-0.000	
-3.761	51308.000	51052.263	255.737	51649.024	51052.721	51648.559	-0.000	-0.000	
-3.729	51060.000	51000.679	59.321	51649.024	51001.145	51648.551	-0.000	-0.000	
-3.697	50965.000	50928.171	36.829	51649.024	50928.644	51648.543	-0.000	-0.000	
-3.666	50791.000	50890.698	-99.698	51649.024	50891.179	51648.534	-0.000	-0.000	
-3.634	50488.000	50807.344	-319.344	51649.024	50807.833	51648.526	-0.000	-0.000	
-3.602	50849.000	50722.759	126.241	51649.024	50723.256	51648.517	-0.000	-0.000	
-3.570	50414.000	50654.398	-240.398	51649.024	50654.902	51648.508	-0.000	-0.000	
-3.539	50593.000	50519.677	73.323	51649.024	50520.189	51648.498	-0.000	-0.000	
-3.507	50252.000	50393.879	-141.879	51649.024	50394.399	51648.489	-0.000	-0.000	
-3.475	50121.000	50207.010	-86.010	51649.024	50207.538	51648.479	-0.000	-0.000	
-3.444	49957.000	49980.937	-23.937	51649.024	49981.472	51648.469	-0.000	-0.000	
-3.412	49927.000	49717.375	209.625	51649.024	49717.917	51648.458	-0.000	-0.000	
-3.380	49398.000	49352.479	45.521	51649.024	49353.027	51648.448	-0.000	-0.000	
-3.348	49660.000	48960.816	699.184	51649.024	48961.370	51648.437	-0.000	-0.000	
-3.317	48328.000	48392.514	-64.514	51649.024	48393.073	51648.425	-0.000	-0.000	
-3.285	47142.000	47759.680	-617.680	51649.024	47760.242	51648.414	-0.000	-0.000	
-3.253	46805.000	46842.381	-37.381	51649.024	46842.943	51648.402	-0.000	-0.000	
-3.221	45456.000	45798.477	-342.477	51649.024	45799.037	51648.389	-0.000	-0.000	
-3.190	44607.000	44399.984	207.016	51649.024	44400.538	51648.376	-0.000	-0.000	
-3.158	42756.000	43154.320	-398.320	51649.024	43154.871	51648.363	-0.000	-0.000	
-3.126	41932.000	41817.148	114.852	51649.024	41817.695	51648.350	-0.000	-0.000	
-3.094	41416.000	41343.398	72.602	51649.024	41343.951	51648.336	-0.000	-0.000	
-3.063	41653.000	41338.645	314.355	51649.024	41339.212	51648.321	-0.000	-0.000	
-3.031	42127.000	42175.251	-48.251	51649.024	42175.843	51648.306	-0.000	-0.000	
-2.999	43471.000	43492.979	-21.979	51649.024	43493.603	51648.291	-0.000	-0.000	
-2.968	44865.000	44856.247	8.753	51649.024	44856.904	51648.275	-0.000	-0.000	
-2.936	46168.000	46202.012	-34.012	51649.024	46202.704	51648.258	-0.000	-0.000	
-2.904	46929.000	47240.098	-311.098	51649.024	47240.820	51648.241	-0.000	-0.000	
-2.872	47932.000	48088.116	-156.116	51649.024	48088.867	51648.223	-0.000	-0.000	
-2.841	48353.000	48695.431	-342.431	51649.024	48696.209	51648.205	-0.000	-0.000	
-2.809	48685.000	49206.860	-521.860	51649.024	49207.663	51648.186	-0.000	-0.000	
-2.777	49166.000	49560.695	-394.695	51649.024	49561.522	51648.167	-0.000	-0.000	
-2.745	49587.000	49890.103	-303.103	51649.024	49890.955	51648.146	-0.000	-0.000	
-2.714	50147.000	50107.019	39.981	51649.024	50107.896	51648.125	-0.000	-0.000	
-2.682	50070.000	50319.510	-249.510	51649.024	50320.410	51648.103	-0.000	-0.000	
-2.650	50582.000	50462.952	119.048	51649.024	50463.877	51648.080	-0.000	-0.000	
-2.619	50785.000	50586.854	198.146	51649.024	50587.805	51648.057	-0.000	-0.000	
-2.587	50523.000	50700.655	-177.655	51649.024	50701.631	51648.032	-0.000	-0.000	
-2.555	50557.000	50758.537	-201.537	51649.024	50759.540	51648.006	-0.000	-0.000	
-2.523	50931.000	50852.871	78.129	51649.024	50853.901	51647.979	-0.000	-0.000	
-2.492	50775.000	50911.217	-136.217	51649.024	50912.277	51647.951	-0.000	-0.000	
-2.460	51202.000	50948.113	253.887	51649.024	50949.203	51647.922	-0.000	-0.000	
-2.428	51025.000	51027.107	-2.107	51649.024	51028.229	51647.891	-0.000	-0.000	
-2.396	50688.000	51059.799	-371.799	51649.024	51060.954	51647.858	-0.000	-0.000	
-2.365	51189.000	51074.659	114.341	51649.024	51075.849	51647.824	-0.000	-0.000	
-2.333	51101.000	51142.274	-41.274	51649.024	51143.501	51647.787	-0.000	-0.000	
-2.301	50803.000	51180.799	-377.799	51649.024	51182.066	51647.748	-0.000	-0.000	
-2.269	51229.000	51172.017	56.983	51649.024	51173.325	51647.706	-0.000	-0.000	
-2.238	51012.000	51200.936	-188.936	51649.024	51202.289	51647.661	-0.000	-0.000	
-2.206	51239.000	51252.930	-13.930	51649.024	51254.331	51647.612	-0.000	-0.000	
-2.174	50969.000	51266.998	-297.998	51649.024	51268.450	51647.559	-0.000	-0.000	
-2.143	50894.000	51259.461	-365.461	51649.024	51260.971	51647.501	-0.000	-0.000	
-2.111	51662.000	51284.507	377.493	51649.024	51286.080	51647.440	-0.000	-0.000	
-2.079	50919.000	51340.924	-421.924	51649.024	51342.564	51647.374	-0.000	-0.000	
-2.047	51271.000	51370.231	-99.231	51649.024	51371.941	51647.303	-0.000	-0.000	
-2.016	51196.000	51361.381	-165.381	51649.024	51363.164	51647.229	-0.000	-0.000	
-1.984	51482.000	51322.493	159.507	51649.024	51324.350	51647.150	-0.000	-0.000	
-1.952	51526.000	51316.427	209.573	51649.024	51318.364	51647.067	-0.000	-0.000	
-1.920	51069.000	51368.183	-299.183	51649.024	51370.210	51646.980	-0.000	-0.000	
-1.889	51755.000	51404.955	350.045	51649.024	51407.078	51646.885	-0.000	-0.000	
-1.857	51253.000	51410.388	-157.388	51649.024	51412.612	51646.783	-0.000	-0.000	
-1.825	51089.000	51387.649	-298.649	51649.024	51389.981	51646.671	-0.000	-0.000	
-1.794	50684.000	51358.895	-674.895	51649.024	51361.347	51646.545	-0.000	-0.000	
-1.762	51439.000	51353.955	85.045	51649.024	51356.549	51646.404	-0.000	-0.000	
-1.730	51582.000	51357.435	224.565	51649.024	51360.190	51646.243	-0.000	-0.000	
-1.698	51245.000	51353.420	-108.420	51649.024	51356.351	51646.063	-0.000	-0.000	
-1.667	50946.000	51340.120	-394.120	51649.024	51343.248	51645.859	-0.000	-0.000	
-1.635	51575.000	51355.129	219.871	51649.024	51358.485	51645.632	-0.000	-0.000	
-1.603	51157.000	51353.431	-196.431	51649.024	51357.037	51645.381	-0.000	-0.000	
-1.571	51188.000	51317.499	-129.499	51649.024	51321.374	51645.105	-0.000	-0.000	
-1.540	51150.000	51301.497	-151.497	51649.024	51305.666	51644.805	-0.000	-0.000	
-1.508	51474.000	51299.145	174.855	51649.024	51303.639	51644.480	-0.000	-0.000	
-1.476	50853.000	51257.538	-404.538	51649.024	51262.376	51644.129	-0.000	-0.000	
-1.444	50906.000	51225.173	-319.173	51649.024	51230.383	51643.750	-0.000	-0.000	
-1.413	51361.000	51204.793	156.207	51649.024	51210.410	51643.340	-0.000	-0.000	
-1.381	50743.000	51146.310	-403.310	51649.024	51152.361	51642.895	-0.000	-0.000	
-1.349	51117.000	51114.767	2.233	51649.024	51121.295	51642.411	-0.000	-0.000	
-1.318	50738.000	51070.554	-332.554	51649.024	51077.604	51641.880	-0.000	-0.000	
-1.286	51150.000	50991.598	158.402	51649.024	50999.216	51641.296	-0.000	-0.000	
-1.254	50805.000	50928.786	-123.786	51649.024	50937.038	51640.651	-0.000	-0.000	
-1.222	50812.000	50806.193	5.807	51649.024	50815.135	51639.937	-0.000	-0.000	
-1.191	50683.000	50692.770	-9.770	51649.024	50702.481	51639.147	-0.000	-0.000	
-1.159	51044.000	50522.845	521.155	51649.024	50533.397	51638.274	-0.000	-0.000	
-1.127	50362.000	50326.076	35.924	51649.024	50337.552	51637.312	-0.000	-0.000	
-1.095	50030.000	50086.736	-56.736	51649.024	50099.225	51636.254	-0.000	-0.000	
-1.064	49462.000	49758.173	-296.173	51649.024	49771.761	51635.091	-0.000	-0.000	
-1.032	49772.000	49380.718	391.282	51649.024	49395.514	51633.811	-0.000	-0.000	
-1.000	48676.000	48826.144	-150.144	51649.024	48842.242	51632.399	-0.000	-0.000	
-0.969	47696.000	48204.634	-508.634	51649.024	48222.173	51630.833	-0.000	-0.000	
-0.937	47439.000	47365.805	73.195	51649.024	47384.915	51629.084	-0.000	-0.000	
-0.905	46338.000	46700.015	-362.015	51649.024	46720.941	51627.116	-0.000	-0.000	
-0.873	46114.000	45924.508	189.492	51649.024	45947.478	51624.881	-0.000	-0.000	
-0.842	45614.000	45902.057	-288.057	51649.024	45927.532	51622.322	-0.000	-0.000	
-0.810	45937.000	45888.643	48.357	51649.024	45917.021	51619.365	-0.000	-0.000	
-0.778	46746.000	46639.549	106.451	51649.024	46671.456	51615.924	-0.000	-0.000	
-0.746	47198.000	47313.620	-115.620	51649.024	47349.649	51611.891	-0.000	-0.000	
-0.715	48234.000	48163.456	70.544	51649.024	48204.359	51607.139	-0.000	-0.000	
-0.683	48737.000	48814.915	-77.915	51649.024	48861.530	51601.523	-0.000	-0.000	
-0.651	49539.000	49373.832	165.168	51649.024	49427.160	51594.883	-0.000	-0.000	
-0.619	49975.000	49757.784	217.216	51649.024	49818.982	51587.055	-0.000	-0.000	
-0.588	50101.000	50068.403	32.597	51649.024	50138.798	51577.881	-0.000	-0.000	
-0.556	50246.000	50288.212	-42.212	51649.024	50369.258	51567.232	-0.000	-0.000	
-0.524	50050.000	50449.984	-399.984	51649.024	50543.216	51555.031	-0.000	-0.000	
-0.493	50342.000	50588.498	-246.498	51649.024	50695.464	51541.282	-0.000	-0.000	
-0.461	50707.000	50682.902	24.098	51649.024	50805.038	51526.090	-0.000	-0.000	
-0.429	50978.000	50786.840	191.160	51649.024	50925.355	51509.690	-0.000	-0.000	
-0.397	50801.000	50827.124	-26.124	51649.024	50982.850	51492.444	-0.000	-0.000	
-0.366	51077.000	50880.606	196.394	51649.024	51053.909	51474.834	-0.000	-0.000	
-0.334	50783.000	50898.256	-115.256	51649.024	51088.930	51457.425	-0.000	-0.000	
-0.302	51134.000	50892.755	241.245	51649.024	51100.006	51440.808	-0.000	-0.000	
-0.270	50983.000	50918.701	64.299	51649.024	51141.217	51425.520	-0.000	-0.000	
-0.239	51443.000	50928.060	514.940	51649.024	51164.124	51411.962	-0.000	-0.000	
-0.207	51368.000	50949.297	418.703	51649.024	51196.999	51400.313	-0.000	-0.000	
-0.175	51222.000	50973.239	248.761	51649.024	51230.767	51390.473	-0.000	-0.000	
-0.144	51103.000	50940.611	162.389	51649.024	51206.545	51382.040	-0.000	-0.000	
-0.112	51032.000	50925.395	106.605	51649.024	51199.022	51374.326	-0.000	-0.000	
-0.080	51026.000	50968.875	57.125	51649.024	51250.395	51366.431	-0.000	-0.000	
-0.048	50988.000	50969.637	18.363	51649.024	51260.207	51357.352	-0.000	-0.000	
-0.017	50703.000	50925.149	-222.149	51649.024	51226.885	51346.127	-0.000	-0.000	
0.015	50994.000	50911.411	82.589	51649.024	51227.224	51331.983	0.000	0.000	
0.047	51152.000	50928.194	223.806	51649.024	51261.440	51314.490	0.000	0.000	
0.079	50950.000	50902.312	47.688	51649.024	51256.284	51293.668	0.000	0.000	
0.110	51321.000	50827.834	493.166	51649.024	51205.274	51270.062	0.000	0.000	
0.142	51019.000	50804.644	214.356	51649.024	51207.270	51244.745	0.000	0.000	
0.174	51047.000	50809.067	237.933	51649.024	51237.045	51219.256	0.000	0.000	
0.206	51207.000	50759.028	447.972	51649.024	51210.627	51195.461	0.000	0.000	
0.237	51191.000	50700.832	490.168	51649.024	51172.358	51175.363	0.000	0.000	
0.269	51239.000	50659.663	579.337	51649.024	51145.516	51160.871	0.000	0.000	
0.301	50654.000	50611.673	42.327	51649.024	51104.656	51153.566	0.000	0.000	
0.332	51079.000	50598.555	480.445	51649.024	51090.458	51154.502	0.000	0.000	
0.364	51206.000	50576.520	629.480	51649.024	51058.713	51164.076	0.000	0.000	
0.396	50829.000	50517.624	311.376	51649.024	50981.783	51181.980	0.000	0.000	
0.428	50747.000	50479.836	267.164	51649.024	50918.623	51207.261	0.000	0.000	
0.459	50776.000	50384.218	391.782	51649.024	50791.713	51238.450	0.000	0.000	
0.491	50621.000	50295.581	325.419	51649.024	50667.696	51273.765	0.000	0.000	
0.523	50225.000	50178.794	46.206	51649.024	50513.285	51311.313	0.000	0.000	
0.555	49953.000	50031.905	-78.905	51649.024	50328.349	51349.297	0.000	0.000	
0.586	50073.000	49848.486	224.514	51649.024	50107.982	51386.168	0.000	0.000	
0.618	50068.000	49559.308	508.692	51649.024	49784.138	51420.721	0.000	0.000	
0.650	49390.000	49230.677	159.323	51649.024	49423.955	51452.141	0.000	0.000	
0.681	49141.000	48710.110	430.890	51649.024	48875.328	51479.979	0.000	0.000	
0.713	48161.000	48133.706	27.294	51649.024	48274.550	51504.112	0.000	0.000	
0.745	47354.000	47313.245	40.755	51649.024	47433.220	51524.659	0.000	0.000	
0.777	46532.000	46674.613	-142.613	51649.024	46777.160	51541.912	0.000	0.000	
0.808	45878.000	45890.124	-12.124	51649.024	45978.150	51556.258	0.000	0.000	
0.840	45784.000	45847.884	-63.884	51649.024	45924.357	51568.120	0.000	0.000	
0.872	45988.000	45825.505	162.495	51649.024	45892.479	51577.916	0.000	0.000	
0.904	46173.000	46548.753	-375.753	51649.024	46608.351	51586.026	0.000	0.000	
0.935	47440.000	47248.325	191.675	51649.024	47301.755	51592.784	0.000	0.000	
0.967	48464.000	48097.024	366.976	51649.024	48145.418	51598.468	0.000	0.000	
0.999	48909.000	48781.925	127.075	51649.024	48825.939	51603.304	0.000	0.000	
1.031	49790.000	49354.365	435.635	51649.024	49394.591	51607.470	0.000	0.000	
1.062	50164.000	49767.464	396.536	51649.024	49804.300	51611.107	0.000	0.000	
1.094	50230.000	50093.221	136.779	51649.024	50127.046	51614.322	0.000	0.000	
1.126	50599.000	50342.929	256.071	51649.024	50374.021	51617.196	0.000	0.000	
1.157	50424.000	50528.186	-104.186	51649.024	50556.797	51619.790	0.000	0.000	
1.189	50760.000	50696.878	63.122	51649.024	50723.222	51622.150	0.000	0.000	
1.221	50372.000	50801.100	-429.100	51649.024	50825.345	51624.310	0.000	0.000	
1.253	50926.000	50918.644	7.356	51649.024	50940.971	51626.295	0.000	0.000	
1.284	50929.000	50978.124	-49.124	51649.024	50998.656	51628.122	0.000	0.000	
1.316	51020.000	51051.168	-31.168	51649.024	51070.063	51629.806	0.000	0.000	
1.348	51351.000	51098.494	252.506	51649.024	51115.863	51631.359	0.000	0.000	
1.380	51276.000	51124.418	151.582	51649.024	51140.378	51632.789	0.000	0.000	
1.411	51015.000	51183.039	-168.039	51649.024	51197.718	51634.105	0.000	0.000	
1.443	51265.000	51203.473	61.527	51649.024	51216.949	51635.316	0.000	0.000	
1.475	51320.000	51230.299	89.701	51649.024	51242.682	51636.430	0.000	0.000	
1.506	51002.000	51276.500	-274.500	51649.024	51287.886	51637.454	0.000	0.000	
1.538	51280.000	51280.528	-0.528	51649.024	51290.975	51638.395	0.000	0.000	
1.570	51167.000	51292.116	-125.116	51649.024	51301.713	51639.260	0.000	0.000	
1.602	51071.000	51333.394	-262.394	51649.024	51342.223	51640.057	0.000	0.000	
1.633	51253.000	51340.289	-87.289	51649.024	51348.389	51640.790	0.000	0.000	
1.665	50863.000	51323.708	-460.708	51649.024	51331.130	51641.467	0.000	0.000	
1.697	51053.000	51340.960	-287.960	51649.024	51347.784	51642.090	0.000	0.000	
1.729	51135.000	51354.928	-219.928	51649.024	51361.197	51642.663	0.000	0.000	
1.760	51336.000	51351.487	-15.487	51649.024	51357.232	51643.186	0.000	0.000	
1.792	51300.000	51349.237	-49.237	51649.024	51354.504	51643.660	0.000	0.000	
1.824	51470.000	51376.136	93.864	51649.024	51380.999	51644.084	0.000	0.000	
1.856	51051.000	51405.431	-354.431	51649.024	51409.937	51644.460	0.000	0.000	
1.887	51274.000	51406.565	-132.565	51649.024	51410.747	51644.789	0.000	0.000	
1.919	50897.000	51376.382	-479.382	51649.024	51380.271	51645.077	0.000	0.000	
1.951	51419.000	51326.724	92.276	51649.024	51330.355	51645.329	0.000	0.000	
1.982	51197.000	51327.084	-130.084	51649.024	51330.505	51645.551	0.000	0.000	
2.014	51237.000	51366.580	-129.580	51649.024	51369.819	51645.750	0.000	0.000	
2.046	51048.000	51380.391	-332.391	51649.024	51383.455	51645.931	0.000	0.000	
2.078	51532.000	51359.149	172.851	51649.024	51362.046	51646.101	0.000	0.000	
2.109	51503.000	51310.083	192.917	51649.024	51312.817	51646.262	0.000	0.000	
2.141	51326.000	51279.730	46.270	51649.024	51282.306	51646.414	0.000	0.000	
2.173	51296.000	51281.080	14.920	51649.024	51283.507	51646.560	0.000	0.000	
2.205	51300.000	51271.891	28.109	51649.024	51274.188	51646.697	0.000	0.000	
2.236	51397.000	51230.807	166.193	51649.024	51232.984	51646.826	0.000	0.000	
2.268	51607.000	51199.923	407.077	51649.024	51201.984	51646.945	0.000	0.000	
2.300	50800.000	51206.491	-406.491	51649.024	51208.447	51647.053	0.000	0.000	
2.331	51029.000	51175.703	-146.703	51649.024	51177.561	51647.151	0.000	0.000	
2.363	51250.000	51110.783	139.217	51649.024	51112.553	51647.239	0.000	0.000	
2.395	51172.000	51089.085	82.915	51649.024	51090.776	51647.317	0.000	0.000	
2.427	51130.000	51060.587	69.413	51649.024	51062.207	51647.388	0.000	0.000	
2.458	51007.000	50983.585	23.415	51649.024	50985.140	51647.451	0.000	0.000	
2.490	51097.000	50938.204	158.796	51649.024	50939.699	51647.509	0.000	0.000	
2.522	50872.000	50881.362	-9.362	51649.024	50882.802	51647.561	0.000	0.000	
2.554	50698.000	50781.973	-83.973	51649.024	50783.364	51647.610	0.000	0.000	
2.585	50627.000	50716.124	-89.124	51649.024	50717.471	51647.655	0.000	0.000	
2.617	50802.000	50600.889	201.111	51649.024	50602.193	51647.697	0.000	0.000	
2.649	50500.000	50462.477	37.523	51649.024	50463.741	51647.736	0.000	0.000	
2.681	50148.000	50312.161	-164.161	51649.024	50313.384	51647.774	0.000	0.000	
2.712	50171.000	50082.944	88.056	51649.024	50084.129	51647.810	0.000	0.000	
2.744	49282.000	49854.049	-572.049	51649.024	49855.195	51647.843	0.000	0.000	
2.776	49439.000	49512.194	-73.194	51649.024	49513.302	51647.876	0.000	0.000	
2.807	48683.000	49147.579	-464.579	51649.024	49148.650	51647.907	0.000	0.000	
2.839	48469.000	48644.623	-175.623	51649.024	48645.657	51647.936	0.000	0.000	
2.871	47919.000	48045.697	-126.697	51649.024	48046.692	51647.965	0.000	0.000	
2.903	47251.000	47252.189	-1.189	51649.024	47253.144	51647.992	0.000	0.000	
2.934	46386.000	46254.041	131.959	51649.024	46254.953	51648.018	0.000	0.000	
2.966	45127.000	45003.021	123.979	51649.024	45003.887	51648.043	0.000	0.000	
2.998	43948.000	43638.925	309.075	51649.024	43639.745	51648.067	0.000	0.000	
3.030	42602.000	42361.237	240.763	51649.024	42362.014	51648.090	0.000	0.000	
3.061	41443.000	41385.899	57.101	51649.024	41386.638	51648.113	0.000	0.000	
3.093	41028.000	41336.792	-308.792	51649.024	41337.510	51648.134	0.000	0.000	
3.125	41894.000	41666.194	227.806	51649.024	41666.898	51648.155	0.000	0.000	
3.156	42576.000	42992.833	-416.833	51649.024	42993.541	51648.175	0.000	0.000	
3.188	44311.000	44245.254	65.746	51649.024	44245.963	51648.194	0.000	0.000	
3.220	45362.000	45707.272	-345.272	51649.024	45707.987	51648.213	0.000	0.000	
3.252	47113.000	46817.650	295.350	51649.024	46818.366	51648.231	0.000	0.000	
3.283	47925.000	47780.202	144.798	51649.024	47780.917	51648.248	0.000	0.000	
3.315	48883.000	48445.637	437.363	51649.024	48446.346	51648.265	0.000	0.000	
3.347	49257.000	49014.945	242.055	51649.024	49015.647	51648.281	0.000	0.000	
3.379	49531.000	49410.119	120.881	51649.024	49410.811	51648.297	0.000	0.000	
3.410	49845.000	49755.981	89.019	51649.024	49756.664	51648.312	0.000	0.000	
3.442	49953.000	50013.257	-60.257	51649.024	50013.929	51648.327	0.000	0.000	
3.474	50440.000	50219.552	220.448	51649.024	50220.213	51648.341	0.000	0.000	
3.506	50320.000	50399.352	-79.352	51649.024	50400.002	51648.355	0.000	0.000	
3.537	50515.000	50512.298	2.702	51649.024	50512.936	51648.368	0.000	0.000	
3.569	50827.000	50641.200	185.800	51649.024	50641.828	51648.381	0.000	0.000	
3.601	51075.000	50707.435	367.565	51649.024	50708.051	51648.394	0.000	0.000	
3.632	50854.000	50782.245	71.755	51649.024	50782.850	51648.406	0.000	0.000	
3.664	51242.000	50866.698	375.302	51649.024	50867.293	51648.418	0.000	0.000	
3.696	50358.000	50898.335	-540.335	51649.024	50898.919	51648.430	0.000	0.000	
3.728	51268.000	50966.191	301.809	51649.024	50966.764	51648.441	0.000	0.000	
3.759	50838.000	51024.153	-186.153	51649.024	51024.716	51648.452	0.000	0.000	
3.791	51042.000	51029.854	12.146	51649.024	51030.407	51648.462	0.000	0.000	
3.823	51166.000	51076.307	89.693	51649.024	51076.851	51648.472	0.000	0.000	
3.855	51086.000	51132.504	-46.504	51649.024	51133.038	51648.483	0.000	0.000	
3.886	51146.000	51129.834	16.166	51649.024	51130.359	51648.492	0.000	0.000	
3.947	51250.000	51161.944	88.056	51649.024	51162.452	51648.510	0.000	0.000	
-4.142	51353.000	51183.637	169.363	51582.340	-0.000	-0.000	51184.017	51581.957	
-4.110	51308.000	51207.936	100.064	51582.874	-0.000	-0.000	51208.322	51582.485	
-4.078	51548.000	51186.796	361.204	51583.408	-0.000	-0.000	51187.187	51583.013	
-4.046	50915.000	51142.564	-227.564	51583.942	-0.000	-0.000	51142.961	51583.541	
-4.015	51454.000	51127.917	326.083	51584.477	-0.000	-0.000	51128.321	51584.069	
-3.983	51095.000	51123.601	-28.601	51585.011	-0.000	-0.000	51124.011	51584.596	
-3.951	51096.000	51108.057	-12.057	51585.545	-0.000	-0.000	51108.473	51585.124	
-3.919	50941.000	51079.419	-138.419	51586.079	-0.000	-0.000	51079.842	51585.651	
-3.888	51287.000	51084.476	202.524	51586.613	-0.000	-0.000	51084.906	51586.178	
-3.856	50471.000	51093.268	-622.268	51587.147	-0.000	-0.000	51093.704	51586.705	
-3.824	50698.000	51047.821	-349.821	51587.681	-0.000	-0.000	51048.264	51587.232	
-3.793	50770.000	50999.259	-229.259	51588.215	-0.000	-0.000	50999.709	51587.758	
-3.761	51308.000	50991.497	316.503	51588.749	-0.000	-0.000	50991.956	51588.284	
-3.729	51060.000	50941.295	118.705	51589.283	-0.000	-0.000	50941.760	51588.811	
-3.697	50965.000	50870.061	94.939	51589.817	-0.000	-0.000	50870.534	51589.336	
-3.666	50791.000	50834.042	-43.042	51590.351	-0.000	-0.000	50834.522	51589.862	
-3.634	50488.000	50750.504	-262.504	51590.885	-0.000	-0.000	50750.992	51590.388	
-3.602	50849.000	50663.473	185.527	51591.419	-0.000	-0.000	50663.969	51590.913	
-3.570	50414.000	50595.543	-181.543	51591.953	-0.000	-0.000	50596.047	51591.438	
-3.539	50593.000	50462.482	130.518	51592.487	-0.000	-0.000	50462.994	51591.963	
-3.507	50252.000	50337.857	-85.857	51593.022	-0.000	-0.000	50338.377	51592.487	
-3.475	50121.000	50152.357	-31.357	51593.556	-0.000	-0.000	50152.884	51593.011	
-3.444	49957.000	49927.047	29.953	51594.090	-0.000	-0.000	49927.581	51593.535	
-3.412	49927.000	49664.756	262.244	51594.624	-0.000	-0.000	49665.297	51594.059	
-3.380	49398.000	49300.741	97.259	51595.158	-0.000	-0.000	49301.289	51594.582	
-3.348	49660.000	48910.351	749.649	51595.692	-0.000	-0.000	48910.905	51595.105	
-3.317	48328.000	48343.374	-15.374	51596.226	-0.000	-0.000	48343.932	51595.628	
-3.285	47142.000	47712.020	-570.020	51596.760	-0.000	-0.000	47712.581	51596.150	
-3.253	46805.000	46796.750	8.250	51597.294	-0.000	-0.000	46797.312	51596.672	
-3.221	45456.000	45754.665	-298.665	51597.828	-0.000	-0.000	45755.225	51597.194	
-3.190	44607.000	44358.402	248.598	51598.362	-0.000	-0.000	44358.956	51597.715	
-3.158	42756.000	43113.017	-357.017	51598.896	-0.000	-0.000	43113.568	51598.236	
-3.126	41932.000	41776.888	155.112	51599.430	-0.000	-0.000	41777.434	51598.757	
-3.094	41416.000	41299.065	116.935	51599.964	-0.000	-0.000	41299.618	51599.277	
-3.063	41653.000	41294.312	358.688	51600.498	-0.000	-0.000	41294.879	51599.796	
-3.031	42127.000	42125.849	1.151	51601.032	-0.000	-0.000	42126.440	51600.315	
-2.999	43471.000	43444.206	26.794	51601.566	-0.000	-0.000	43444.829	51600.834	
-2.968	44865.000	44805.931	59.069	51602.101	-0.000	-0.000	44806.588	51601.352	
-2.936	46168.000	46153.204	14.796	51602.635	-0.000	-0.000	46153.895	51601.870	
-2.904	46929.000	47191.762	-262.762	51603.169	-0.000	-0.000	47192.483	51602.387	
-2.872	47932.000	48041.261	-109.261	51603.703	-0.000	-0.000	48042.011	51602.903	
-2.841	48353.000	48649.178	-296.178	51604.237	-0.000	-0.000	48649.955	51603.419	
-2.809	48685.000	49161.669	-476.669	51604.771	-0.000	-0.000	49162.471	51603.934	
-2.777	49166.000	49516.112	-350.112	51605.305	-0.000	-0.000	49516.939	51604.448	
-2.745	49587.000	49846.240	-259.240	51605.839	-0.000	-0.000	49847.091	51604.962	
-2.714	50147.000	50063.892	83.108	51606.373	-0.000	-0.000	50064.767	51605.475	
-2.682	50070.000	50276.858	-206.858	51606.907	-0.000	-0.000	50277.758	51605.987	
-2.650	50582.000	50421.139	160.861	51607.441	-0.000	-0.000	50422.064	51606.498	
-2.619	50785.000	50545.404	239.596	51607.975	-0.000	-0.000	50546.354	51607.009	
-2.587	50523.000	50659.968	-136.968	51608.509	-0.000	-0.000	50660.944	51607.518	
-2.555	50557.000	50718.383	-161.383	51609.043	-0.000	-0.000	50719.384	51608.026	
-2.523	50931.000	50813.119	117.881	51609.577	-0.000	-0.000	50814.149	51608.534	
-2.492	50775.000	50872.256	-97.256	51610.111	-0.000	-0.000	50873.315	51609.040	
-2.460	51202.000	50909.526	292.474	51610.646	-0.000	-0.000	50910.615	51609.544	
-2.428	51025.000	50989.012	35.988	51611.180	-0.000	-0.000	50990.134	51610.048	
-2.396	50688.000	51022.489	-334.489	51611.714	-0.000	-0.000	51023.644	51610.549	
-2.365	51189.000	51037.724	151.276	51612.248	-0.000	-0.000	51038.913	51611.049	
-2.333	51101.000	51105.752	-4.752	51612.782	-0.000	-0.000	51106.978	51611.546	
-2.301	50803.000	51145.048	-342.048	51613.316	-0.000	-0.000	51146.314	51612.041	
-2.269	51229.000	51136.856	92.144	51613.850	-0.000	-0.000	51138.163	51612.533	
-2.238	51012.000	51166.054	-154.054	51614.384	-0.000	-0.000	51167.406	51613.022	
-2.206	51239.000	51218.652	20.348	51614.918	-0.000	-0.000	51220.051	51613.507	
-2.174	50969.000	51233.398	-264.398	51615.452	-0.000	-0.000	51234.850	51613.988	
-2.143	50894.000	51226.408	-332.408	51615.986	-0.000	-0.000	51227.918	51614.465	
-2.111	51662.000	51251.762	410.238	51616.520	-0.000	-0.000	51253.334	51614.937	
-2.079	50919.000	51308.715	-389.715	51617.054	-0.000	-0.000	51310.354	51615.405	
-2.047	51271.000	51338.699	-67.699	51617.588	-0.000	-0.000	51340.408	51615.869	
-2.016	51196.000	51330.538	-134.538	51618.122	-0.000	-0.000	51332.319	51616.328	
-1.984	51482.000	51292.241	189.759	51618.656	-0.000	-0.000	51294.097	51616.784	
-1.952	51526.000	51286.418	239.582	51619.190	-0.000	-0.000	51288.354	51617.235	
-1.920	51069.000	51338.622	-269.622	51619.725	-0.000	-0.000	51340.648	51617.681	
-1.889	51755.000	51376.048	378.952	51620.259	-0.000	-0.000	51378.170	51618.121	
-1.857	51253.000	51382.134	-129.134	51620.793	-0.000	-0.000	51384.356	51618.553	
-1.825	51089.000	51360.028	-271.028	51621.327	-0.000	-0.000	51362.358	51618.975	
-1.794	50684.000	51331.739	-647.739	51621.861	-0.000	-0.000	51334.190	51619.383	
-1.762	51439.000	51327.269	111.731	51622.395	-0.000	-0.000	51329.862	51619.776	
-1.730	51582.000	51331.263	250.737	51622.929	-0.000	-0.000	51334.017	51620.150	
-1.698	51245.000	51327.859	-82.859	51623.463	-0.000	-0.000	51330.789	51620.503	
-1.667	50946.000	51315.026	-369.026	51623.997	-0.000	-0.000	51318.153	51620.834	
-1.635	51575.000	51330.503	244.497	51624.531	-0.000	-0.000	51333.858	51621.141	
-1.603	51157.000	51329.490	-172.490	51625.065	-0.000	-0.000	51333.095	51621.424	
-1.571	51188.000	51294.157	-106.157	51625.599	-0.000	-0.000	51298.029	51621.682	
-1.540	51150.000	51278.511	-128.511	51626.133	-0.000	-0.000	51282.679	51621.916	
-1.508	51474.000	51276.791	197.209	51626.667	-0.000	-0.000	51281.283	51622.125	
-1.476	50853.000	51235.837	-382.837	51627.201	-0.000	-0.000	51240.672	51622.309	
-1.444	50906.000	51203.840	-297.840	51627.735	-0.000	-0.000	51209.047	51622.464	
-1.413	51361.000	51184.108	176.892	51628.270	-0.000	-0.000	51189.723	51622.588	
-1.381	50743.000	51126.210	-383.210	51628.804	-0.000	-0.000	51132.259	51622.678	
-1.349	51117.000	51095.035	21.965	51629.338	-0.000	-0.000	51101.560	51622.727	
-1.318	50738.000	51051.572	-313.572	51629.872	-0.000	-0.000	51058.619	51622.731	
-1.286	51150.000	50973.083	176.917	51630.406	-0.000	-0.000	50980.698	51622.681	
-1.254	50805.000	50910.884	-105.884	51630.940	-0.000	-0.000	50919.132	51622.570	
-1.222	50812.000	50788.980	23.020	51631.474	-0.000	-0.000	50797.920	51622.390	
-1.191	50683.000	50675.986	7.014	51632.008	-0.000	-0.000	50685.693	51622.134	
-1.159	51044.000	50506.951	537.049	51632.542	-0.000	-0.000	50517.500	51621.796	
-1.127	50362.000	50310.508	51.492	51633.076	-0.000	-0.000	50321.981	51621.368	
-1.095	50030.000	50072.209	-42.209	51633.610	-0.000	-0.000	50084.695	51620.844	
-1.064	49462.000	49744.025	-282.025	51634.144	-0.000	-0.000	49757.610	51620.215	
-1.032	49772.000	49367.790	404.210	51634.678	-0.000	-0.000	49382.582	51619.470	
-1.000	48676.000	48813.715	-137.715	51635.212	-0.000	-0.000	48829.808	51618.592	
-0.969	47696.000	48193.626	-497.626	51635.746	-0.000	-0.000	48211.160	51617.560	
-0.937	47439.000	47354.682	84.318	51636.280	-0.000	-0.000	47373.787	51616.346	
-0.905	46338.000	46689.679	-351.679	51636.815	-0.000	-0.000	46710.600	51614.912	
-0.873	46114.000	45912.741	201.259	51637.349	-0.000	-0.000	45935.705	51613.211	
-0.842	45614.000	45889.166	-275.166	51637.883	-0.000	-0.000	45914.635	51611.186	
-0.810	45937.000	45874.979	62.021	51638.417	-0.000	-0.000	45903.349	51608.764	
-0.778	46746.000	46624.435	121.565	51638.951	-0.000	-0.000	46656.334	51605.858	
-0.746	47198.000	47299.844	-101.844	51639.485	-0.000	-0.000	47335.864	51602.359	
-0.715	48234.000	48149.811	84.189	51640.019	-0.000	-0.000	48190.706	51598.141	
-0.683	48737.000	48803.203	-66.203	51640.553	-0.000	-0.000	48849.809	51593.059	
-0.651	49539.000	49362.936	176.064	51641.087	-0.000	-0.000	49416.255	51586.954	
-0.619	49975.000	49748.422	226.578	51641.621	-0.000	-0.000	49809.611	51579.661	
-0.588	50101.000	50059.665	41.335	51642.155	-0.000	-0.000	50130.050	51571.021	
-0.556	50246.000	50280.681	-34.681	51642.689	-0.000	-0.000	50361.716	51560.907	
-0.524	50050.000	50442.949	-392.949	51643.223	-0.000	-0.000	50536.170	51549.241	
-0.493	50342.000	50582.374	-240.374	51643.757	-0.000	-0.000	50689.329	51536.026	
-0.461	50707.000	50677.268	29.732	51644.291	-0.000	-0.000	50799.392	51521.369	
-0.429	50978.000	50781.958	196.042	51644.825	-0.000	-0.000	50920.461	51505.503	
-0.397	50801.000	50822.929	-21.929	51645.359	-0.000	-0.000	50978.643	51488.790	
-0.366	51077.000	50876.910	200.090	51645.894	-0.000	-0.000	51050.201	51471.714	
-0.334	50783.000	50895.366	-112.366	51646.428	-0.000	-0.000	51086.029	51454.838	
-0.302	51134.000	50890.291	243.709	51646.962	-0.000	-0.000	51097.532	51438.754	
-0.270	50983.000	50916.761	66.239	51647.496	-0.000	-0.000	51139.270	51423.999	
-0.239	51443.000	50926.750	516.250	51648.030	-0.000	-0.000	51162.809	51410.973	
-0.207	51368.000	50948.394	419.606	51648.564	-0.000	-0.000	51196.093	51399.855	
-0.175	51222.000	50973.056	248.944	51649.098	-0.000	-0.000	51230.584	51390.547	
-0.144	51103.000	50941.125	161.875	51649.632	-0.000	-0.000	51207.062	51382.645	
-0.112	51032.000	50926.131	105.869	51650.166	-0.000	-0.000	51199.763	51375.462	
-0.080	51026.000	50970.138	55.862	51650.700	-0.000	-0.000	51251.666	51368.098	
-0.048	50988.000	50971.690	16.310	51651.234	-0.000	-0.000	51262.272	51359.550	
-0.017	50703.000	50927.735	-224.735	51651.768	-0.000	-0.000	51229.486	51348.855	
0.015	50994.000	50914.308	79.692	51652.302	0.000	0.000	51230.141	51335.242	
0.047	51152.000	50931.637	220.363	51652.836	0.000	0.000	51264.907	51318.278	
0.079	50950.000	50906.530	43.470	51653.370	0.000	0.000	51260.531	51297.984	
0.110	51321.000	50832.570	488.430	51653.904	0.000	0.000	51210.046	51274.906	
0.142	51019.000	50809.579	209.421	51654.439	0.000	0.000	51212.247	51250.117	
0.174	51047.000	50814.675	232.325	51654.973	0.000	0.000	51242.702	51225.155	
0.206	51207.000	50765.354	441.646	51655.507	0.000	0.000	51217.009	51201.887	
0.237	51191.000	50707.557	483.443	51656.041	0.000	0.000	51179.147	51182.316	
0.269	51239.000	50666.951	572.049	51656.575	0.000	0.000	51152.875	51168.350	
0.301	50654.000	50619.444	34.556	51657.109	0.000	0.000	51112.503	51161.573	
0.332	51079.000	50606.716	472.284	51657.643	0.000	0.000	51098.700	51163.039	
0.364	51206.000	50585.433	620.567	51658.177	0.000	0.000	51067.711	51173.143	
0.396	50829.000	50527.008	301.992	51658.711	0.000	0.000	50991.254	51191.580	
0.428	50747.000	50489.779	257.221	51659.245	0.000	0.000	50928.653	51217.395	
0.459	50776.000	50394.842	381.158	51659.779	0.000	0.000	50802.422	51249.120	
0.491	50621.000	50306.506	314.494	51660.313	0.000	0.000	50678.702	51284.972	
0.523	50225.000	50190.467	34.533	51660.847	0.000	0.000	50525.035	51323.059	
0.555	49953.000	50043.831	-90.831	51661.381	0.000	0.000	50340.347	51361.583	
0.586	50073.000	49861.326	211.674	51661.915	0.000	0.000	50120.888	51398.994	
0.618	50068.000	49572.416	495.584	51662.449	0.000	0.000	49797.307	51434.088	
0.650	49390.000	49244.734	145.266	51662.983	0.000	0.000	49438.066	51466.047	
0.681	49141.000	48724.477	416.523	51663.518	0.000	0.000	48889.744	51494.426	
0.713	48161.000	48149.033	11.967	51664.052	0.000	0.000	48289.921	51519.097	
0.745	47354.000	47328.253	25.747	51664.586	0.000	0.000	47448.266	51540.183	
0.777	46532.000	46689.778	-157.778	51665.120	0.000	0.000	46792.359	51557.975	
0.808	45878.000	45903.916	-25.916	51665.654	0.000	0.000	45991.972	51572.858	
0.840	45784.000	45860.048	-76.048	51666.188	0.000	0.000	45936.547	51585.257	
0.872	45988.000	45837.330	150.670	51666.722	0.000	0.000	45904.326	51595.590	
0.904	46173.000	46559.033	-386.033	51667.256	0.000	0.000	46618.651	51604.236	
0.935	47440.000	47260.562	179.438	51667.790	0.000	0.000	47314.010	51611.530	
0.967	48464.000	48109.638	354.362	51668.324	0.000	0.000	48158.048	51617.750	
0.999	48909.000	48796.953	112.047	51668.858	0.000	0.000	48840.983	51623.121	
1.031	49790.000	49370.458	419.542	51669.392	0.000	0.000	49410.698	51627.822	
1.062	50164.000	49785.375	378.625	51669.926	0.000	0.000	49822.225	51631.994	
1.094	50230.000	50111.910	118.090	51670.460	0.000	0.000	50145.748	51635.744	
1.126	50599.000	50362.965	236.035	51670.994	0.000	0.000	50394.070	51639.153	
1.157	50424.000	50548.822	-124.822	51671.528	0.000	0.000	50577.444	51642.282	
1.189	50760.000	50718.551	41.449	51672.063	0.000	0.000	50744.906	51645.177	
1.221	50372.000	50823.393	-451.393	51672.597	0.000	0.000	50847.648	51647.872	
1.253	50926.000	50941.694	-15.694	51673.131	0.000	0.000	50964.032	51650.391	
1.284	50929.000	51001.913	-72.913	51673.665	0.000	0.000	51022.456	51652.753	
1.316	51020.000	51075.458	-55.458	51674.199	0.000	0.000	51094.362	51654.972	
1.348	51351.000	51123.601	227.399	51674.733	0.000	0.000	51140.979	51657.059	
1.380	51276.000	51149.954	126.046	51675.267	0.000	0.000	51165.922	51659.023	
1.411	51015.000	51209.180	-194.180	51675.801	0.000	0.000	51223.866	51660.874	
1.443	51265.000	51230.328	34.672	51676.335	0.000	0.000	51243.811	51662.620	
1.475	51320.000	51257.532	62.468	51676.869	0.000	0.000	51269.922	51664.268	
1.506	51002.000	51304.406	-302.406	51677.403	0.000	0.000	51315.799	51665.827	
1.538	51280.000	51309.116	-29.116	51677.937	0.000	0.000	51319.569	51667.302	
1.570	51167.000	51321.061	-154.061	51678.471	0.000	0.000	51330.664	51668.702	
1.602	51071.000	51362.946	-291.946	51679.005	0.000	0.000	51371.780	51670.033	
1.633	51253.000	51370.558	-117.558	51679.539	0.000	0.000	51378.662	51671.301	
1.665	50863.000	51354.453	-491.453	51680.073	0.000	0.000	51361.879	51672.512	
1.697	51053.000	51372.135	-319.135	51680.608	0.000	0.000	51378.963	51673.670	
1.729	51135.000	51386.752	-251.752	51681.142	0.000	0.000	51393.025	51674.777	
1.760	51336.000	51383.867	-47.867	51681.676	0.000	0.000	51389.616	51675.834	
1.792	51300.000	51382.092	-82.092	51682.210	0.000	0.000	51387.363	51676.842	
1.824	51470.000	51409.433	60.567	51682.744	0.000	0.000	51414.298	51677.800	
1.856	51051.000	51439.379	-388.379	51683.278	0.000	0.000	51443.888	51678.711	
1.887	51274.000	51441.170	-167.170	51683.812	0.000	0.000	51445.355	51679.575	
1.919	50897.000	51411.615	-514.615	51684.346	0.000	0.000	51415.507	51680.397	
1.951	51419.000	51362.408	56.592	51684.880	0.000	0.000	51366.042	51681.182	
1.982	51197.000	51363.003	-166.003	51685.414	0.000	0.000	51366.427	51681.939	
2.014	51237.000	51403.089	-166.089	51685.948	0.000	0.000	51406.330	51682.672	
2.046	51048.000	51417.588	-369.588	51686.482	0.000	0.000	51420.655	51683.388	
2.078	51532.000	51396.995	135.005	51687.016	0.000	0.000	51399.894	51684.091	
2.109	51503.000	51348.460	154.540	51687.550	0.000	0.000	51351.196	51684.786	
2.141	51326.000	51318.424	7.576	51688.084	0.000	0.000	51321.002	51685.473	
2.173	51296.000	51320.271	-24.271	51688.618	0.000	0.000	51322.700	51686.153	
2.205	51300.000	51311.698	-11.698	51689.152	0.000	0.000	51313.997	51686.824	
2.236	51397.000	51271.211	125.789	51689.687	0.000	0.000	51273.390	51687.487	
2.268	51607.000	51240.629	366.371	51690.221	0.000	0.000	51242.692	51688.140	
2.300	50800.000	51247.725	-447.725	51690.755	0.000	0.000	51249.683	51688.782	
2.331	51029.000	51217.658	-188.658	51691.289	0.000	0.000	51219.518	51689.414	
2.363	51250.000	51153.164	96.836	51691.823	0.000	0.000	51154.936	51690.036	
2.395	51172.000	51131.778	40.222	51692.357	0.000	0.000	51133.470	51690.649	
2.427	51130.000	51103.986	26.014	51692.891	0.000	0.000	51105.607	51691.253	
2.458	51007.000	51027.473	-20.473	51693.425	0.000	0.000	51029.029	51691.851	
2.490	51097.000	50982.381	114.619	51693.959	0.000	0.000	50983.878	51692.443	
2.522	50872.000	50926.233	-54.233	51694.493	0.000	0.000	50927.674	51693.029	
2.554	50698.000	50827.215	-129.215	51695.027	0.000	0.000	50828.607	51693.612	
2.585	50627.000	50761.747	-134.747	51695.561	0.000	0.000	50763.096	51694.191	
2.617	50802.000	50647.187	154.813	51696.095	0.000	0.000	50648.493	51694.767	
2.649	50500.000	50508.998	-8.998	51696.629	0.000	0.000	50510.262	51695.341	
2.681	50148.000	50359.305	-211.305	51697.163	0.000	0.000	50360.530	51695.912	
2.712	50171.000	50130.393	40.607	51697.697	0.000	0.000	50131.578	51696.482	
2.744	49282.000	49901.861	-619.861	51698.232	0.000	0.000	49903.009	51697.050	
2.776	49439.000	49560.460	-121.460	51698.766	0.000	0.000	49561.570	51697.616	
2.807	48683.000	49195.877	-512.877	51699.300	0.000	0.000	49196.950	51698.181	
2.839	48469.000	48693.522	-224.522	51699.834	0.000	0.000	48694.557	51698.745	
2.871	47919.000	48094.341	-175.341	51700.368	0.000	0.000	48095.337	51699.307	
2.903	47251.000	47301.523	-50.523	51700.902	0.000	0.000	47302.479	51699.869	
2.934	46386.000	46302.668	83.332	51701.436	0.000	0.000	46303.581	51700.429	
2.966	45127.000	45052.060	74.940	51701.970	0.000	0.000	45052.927	51700.988	
2.998	43948.000	43685.266	262.734	51702.504	0.000	0.000	43686.087	51701.546	
3.030	42602.000	42407.114	194.886	51703.038	0.000	0.000	42407.891	51702.103	
3.061	41443.000	41426.317	16.683	51703.572	0.000	0.000	41427.056	51702.660	
3.093	41028.000	41376.526	-348.526	51704.106	0.000	0.000	41377.245	51703.215	
3.125	41894.000	41702.658	191.342	51704.640	0.000	0.000	41703.362	51703.770	
3.156	42576.000	43030.500	-454.500	51705.174	0.000	0.000	43031.208	51704.324	
3.188	44311.000	44284.867	26.133	51705.708	0.000	0.000	44285.577	51704.878	
3.220	45362.000	45749.980	-387.980	51706.242	0.000	0.000	45750.696	51705.430	
3.252	47113.000	46863.785	249.215	51706.777	0.000	0.000	46864.502	51705.982	
3.283	47925.000	47829.204	95.796	51707.311	0.000	0.000	47829.920	51706.534	
3.315	48883.000	48497.178	385.822	51707.845	0.000	0.000	48497.888	51707.085	
3.347	49257.000	49068.320	188.680	51708.379	0.000	0.000	49069.023	51707.635	
3.379	49531.000	49465.362	65.638	51708.913	0.000	0.000	49466.056	51708.185	
3.410	49845.000	49812.402	32.598	51709.447	0.000	0.000	49813.085	51708.734	
3.442	49953.000	50071.236	-118.236	51709.981	0.000	0.000	50071.909	51709.283	
3.474	50440.000	50278.453	161.547	51710.515	0.000	0.000	50279.116	51709.831	
3.506	50320.000	50459.646	-139.646	51711.049	0.000	0.000	50460.297	51710.379	
3.537	50515.000	50573.706	-58.706	51711.583	0.000	0.000	50574.345	51710.927	
3.569	50827.000	50704.060	122.940	51712.117	0.000	0.000	50704.689	51711.474	
3.601	51075.000	50771.606	303.394	51712.651	0.000	0.000	50772.223	51712.020	
3.632	50854.000	50845.293	8.707	51713.185	0.000	0.000	50845.899	51712.567	
3.664	51242.000	50928.915	313.085	51713.719	0.000	0.000	50929.511	51713.113	
3.696	50358.000	50961.585	-603.585	51714.253	0.000	0.000	50962.170	51713.658	
3.728	51268.000	51030.623	237.377	51714.787	0.000	0.000	51031.198	51714.204	
3.759	50838.000	51089.975	-251.975	51715.321	0.000	0.000	51090.540	51714.748	
3.791	51042.000	51096.690	-54.690	51715.856	0.000	0.000	51097.244	51715.293	
3.823	51166.000	51143.970	22.030	51716.390	0.000	0.000	51144.514	51715.838	
3.855	51086.000	51201.616	-115.616	51716.924	0.000	0.000	51202.152	51716.382	
3.886	51146.000	51200.782	-54.782	51717.458	0.000	0.000	51201.308	51716.925	
3.947	51250.000	51237.921	12.079	51718.477	0.000	0.000	51238.430	51717.963	
